,ESI_Key,BMK_S01_Strategic,BMK_S02_Quick,BMK_S03_Decisive,BMK_S04_Change,BMK_S05_Leading,BMK_S06_Confront,BMK_S07_Participative,BMK_S08_Build,BMK_S09_Compassion,BMK_S10_Putting,BMK_S11_Respect,BMK_D01_Interper,BMK_D02_DiffBuild,BMK_D03_DiffChange,BMK_D04_Failure,BMK_D05_Narrow,BMK_S01_Strategic_boss,BMK_S01_Strategic_direct_report,BMK_S01_Strategic_peer,BMK_S02_Quick_boss,BMK_S02_Quick_direct_report,BMK_S02_Quick_peer,BMK_S03_Decisive_boss,BMK_S03_Decisive_direct_report,BMK_S03_Decisive_peer,BMK_S04_Change_boss,BMK_S04_Change_direct_report,BMK_S04_Change_peer,BMK_S05_Leading_boss,BMK_S05_Leading_direct_report,BMK_S05_Leading_peer,BMK_S06_Confront_boss,BMK_S06_Confront_direct_report,BMK_S06_Confront_peer,BMK_S07_Participative_boss,BMK_S07_Participative_direct_report,BMK_S07_Participative_peer,BMK_S08_Build_boss,BMK_S08_Build_direct_report,BMK_S08_Build_peer,BMK_S09_Compassion_boss,BMK_S09_Compassion_direct_report,BMK_S09_Compassion_peer,BMK_S10_Putting_boss,BMK_S10_Putting_direct_report,BMK_S10_Putting_peer,BMK_S11_Respect_boss,BMK_S11_Respect_direct_report,BMK_S11_Respect_peer,BMK_D01_Interper_boss,BMK_D01_Interper_direct_report,BMK_D01_Interper_peer,BMK_D02_DiffBuild_boss,BMK_D02_DiffBuild_direct_report,BMK_D02_DiffBuild_peer,BMK_D03_DiffChange_boss,BMK_D03_DiffChange_direct_report,BMK_D03_DiffChange_peer,BMK_D04_Failure_boss,BMK_D04_Failure_direct_report,BMK_D04_Failure_peer,BMK_D05_Narrow_boss,BMK_D05_Narrow_direct_report,BMK_D05_Narrow_peer
ESI_Key,0.0,0.05486106314426225,0.012573348260465377,0.027977106327364536,0.04263302001252672,0.06179764034563069,0.022846340812765018,0.046678815066099145,0.05399839430215089,0.0260743367910758,0.03580062103501872,0.0018980121638163773,-0.0167074227038875,-0.02808074108347363,-0.009519803855780318,0.003732439695700687,-0.011353832874143027,0.09222442683244801,0.08221542719059449,0.10400156226202374,0.04834887319742772,0.04761304468996083,0.05596864878951995,0.05744900040536277,0.06997455587843343,0.07815858017799729,0.09354407848351114,0.07981247865332174,0.11558179161560544,0.08700551374900616,0.08153316852651421,0.10029888263652824,0.08589598811533672,0.07840151972149106,0.08953356550208469,0.06980529974933457,0.0717713761642611,0.10418245760628098,0.092913831539896,0.07577275714700289,0.10237131694421274,0.06114587089579317,0.052856731783192716,0.07491361754798617,0.039238530137372704,0.040516986892222454,0.06345994794353318,0.045127033252608195,0.0597202291552128,0.055336492610740376,-0.06333570598993894,-0.025495322778065595,-0.060525858434085054,-0.07030588210264031,-0.042737661954425306,-0.08033072372952506,-0.06087403855155175,-0.039223561411288424,-0.06597501427731954,-0.03940345092761837,-0.014762708021249496,-0.05717524907139846,-0.06980556850708199,-0.03097406173124516,-0.07893901518374066
BMK_S01_Strategic,0.05486106314426225,0.0,0.13414375157034608,0.11330207907032758,0.11048253005154018,0.10097711851470204,0.04397679233340096,0.019126401921412906,0.051767546980069246,-0.026681965790223916,-0.07259853364369934,0.005640955855469643,0.1408294024280731,0.1402774210185922,0.0748463519912051,0.0708406105863919,0.037480303790367486,0.09831530451249973,0.11411567455405505,0.06370964938186384,0.11063632306847154,0.10681939539033213,0.07064736255963888,0.12507340684415405,0.15524514346004584,0.10683187178574238,0.01775941207224152,0.04373780551659838,0.004958389640925098,-0.020293258182903118,0.033264132537399654,0.035048480944832996,0.037356654349699175,0.0725353480332146,0.023327042285483504,-0.03320660771801216,0.017771587244876375,-0.04592650966417468,-0.04469957654829937,0.043829472245972126,-0.018285397596051745,-0.05781568261543188,0.022656589884719358,-0.029549240238506025,-0.15843559065570517,-0.04920625550278551,-0.09217301871964477,-0.08742909083299114,0.06915810944658983,-0.055363754860843384,0.12396367318756639,0.05813322904930107,0.08273632225948391,-0.0011300339509588142,-0.014247694508024059,0.03431019203756386,-0.0315770827246126,0.004593124217905649,0.006076455604809794,-0.07656453802419068,-0.03608763517382019,0.01111266008458675,-0.08274295073885898,-0.08412240678869926,-0.0007028860260219899
BMK_S02_Quick,0.012573348260465377,0.13414375157034608,0.0,0.12958730113746214,0.09300493978790847,0.04970436642851289,-0.006105898886263783,-0.0074974050277374915,0.018426319599666008,-0.024122090262152895,-0.07576508977910368,0.013026589902071006,0.16067263867146464,0.12273299433919982,0.09186333856859752,0.023948292491112966,-0.006553613872459785,-0.009993440251588825,0.032014367353646135,0.01050481068461058,0.145542858701079,0.16346353131099245,0.1571766111402329,0.06548322194251367,0.09632271935643752,0.08402911752903415,-0.05692031349118924,-0.01598007138045028,-0.03577774162749505,-0.09244676948411416,-0.0432639579183209,0.0013526959251251025,-0.04885410196752344,0.013800241582828714,0.002385000788011127,-0.1244293698292159,-0.05782902421265868,-0.08284487957753486,-0.12836678799390816,-0.02924801057897534,-0.05292129389459087,-0.10924741556890051,-0.045090882669458585,-0.07401992585070655,-0.1963995862677089,-0.11057382501413873,-0.1128473203431978,-0.11114649056520895,0.011672335176124735,-0.06323642837413132,0.15463306125793022,0.0936467072704065,0.08799335049711526,0.06585603512235148,0.04966841701895717,0.05449663185933417,0.048253840301231456,0.05717851301932151,0.048296988020995676,-0.020823369072800062,0.020946473577880317,0.009061171756731927,-0.017172240155505017,-0.03810692123226549,0.007392758672246098
BMK_S03_Decisive,0.027977106327364536,0.11330207907032758,0.12958730113746214,0.0,0.15591809960731207,0.10648341109217291,0.15929744747272362,-0.029025063103022997,-0.0371137616680437,-0.07787496771749103,-0.15536073658085892,-0.013667740713154075,0.1757534631172153,0.04591817049422742,0.07533726182770273,-0.020737032626612695,-0.024352877689430064,0.045662660970348226,0.1103041438552517,0.02500452411950483,0.0820027741246544,0.11104588348431656,0.07028573131247082,0.21682978423040686,0.26230859923086136,0.20292630763549996,0.02051057072094095,0.05465610904534264,0.0052566847240447315,0.004431427856194048,0.044869520271145547,0.03494470401671476,0.10536982543751575,0.12181759701253628,0.090780803405774,-0.08033315287915732,-0.0024062657304364365,-0.07566471323688992,-0.09235933534932522,0.01991453240648664,-0.04809763086834946,-0.07383168916900766,0.008378864021172425,-0.05200506124762093,-0.17050638544224062,-0.05064860563323817,-0.10919668714165595,-0.09381033316232543,0.043459778128437265,-0.06921941823339275,0.1407092039707494,0.06158415890542795,0.11753734288535861,-0.01820378941365216,-0.04390901063822157,0.0072147148928365795,-0.001144133129506772,-0.014348292155694716,0.012278144657530849,-0.0555474838906523,-0.09163495551071374,-0.024099227147852887,-0.07282301345433785,-0.1392923159983162,-0.010784258910580016
BMK_S04_Change,0.04263302001252672,0.11048253005154018,0.09300493978790847,0.15591809960731207,0.0,0.16111792982143258,0.11629933182012542,0.1801905193258686,0.08924126426604984,0.08485152252074135,-0.03764504431222876,0.10709111554654277,0.04186112828525168,0.02433046665982319,0.015205709359108144,0.04949349253364688,0.038551634413988456,0.0534310894852375,0.06758833445390647,0.0035802783902021545,0.09229392015958499,0.053420881097536524,0.014215768609002678,0.13443828798828503,0.14953931522695943,0.08233069850183515,0.05839428832860144,0.03138974249582065,0.004891715619944809,0.015197318233401855,0.008670130064586487,0.04104379335068574,0.08751765669516459,0.0620255331745322,0.04132137632132235,0.009423104371997962,0.019586814169205255,-0.034763447329036384,-0.022226397768390624,0.048746484030260225,-0.0045585274206187965,-0.004616379483806637,0.023614894158527064,-0.01164066095234953,-0.1285608626635461,-0.02361643177271991,-0.06699024935014111,-0.055800341270284756,0.05651554087942131,-0.046154306407075255,0.06045256357391471,0.0414878092854361,0.04961297296903191,-0.04418517091402463,-0.019083720788114544,0.01795698314652648,-0.07144785990720794,-0.007042638774255011,-0.0003257021124847964,-0.07959301553178152,-0.01926778952460164,0.020847014734932785,-0.06703873550006445,-0.0778494974157004,0.03216557416208336
BMK_S05_Leading,0.06179764034563069,0.10097711851470204,0.04970436642851289,0.10648341109217291,0.16111792982143258,0.0,0.11620775696862684,0.1344813739027979,0.04992920952209401,0.13578733571016105,-0.008687344391513419,0.09380769889685897,0.04057510144743537,-0.02163436695785681,0.10135428575686822,0.09383004937112338,0.07998762848879687,0.03396517098463818,0.03864546517227753,-0.08768941911788689,0.05641140409713793,0.016942399296064385,-0.058442589384078106,0.12656301448051216,0.13081026041559946,0.02727212369728564,0.027581778575513638,0.02916966713243213,-0.09507823526103164,0.04347702320495528,0.03552879096704237,-0.0007124300936464101,0.09467664539539086,0.05627906623206791,-0.02312215146778271,0.014469518216547031,0.028252715390365224,-0.09763152697952897,-0.0774054566039683,0.032733022560084576,-0.09285996220852943,0.020607561286605527,0.03773735244656422,-0.0636692955742725,-0.1449882719113819,-0.023385822152030583,-0.13501463950562026,-0.04708451198323399,0.047622833896557734,-0.11227134728845159,0.09538496640451985,0.031212389757493672,0.12626486305506618,-0.05318350427141344,-0.03379838707268913,0.07359086906497571,-0.01064803921049926,0.008608873185295143,0.09879533741203514,-0.05605536050765154,-0.013982326096657872,0.09661048742351355,-0.03585488011374099,-0.06418619879426896,0.11221313421346783
BMK_S06_Confront,0.022846340812765018,0.04397679233340096,-0.006105898886263783,0.15929744747272362,0.11629933182012542,0.11620775696862684,0.0,-0.029719907568706128,-0.06414378955207856,-0.03488834287272008,-0.14355432700652893,-0.011298473757778482,0.1337891802921458,-0.012487610044176312,0.08938395089795675,0.05368731593547865,0.022089133884553747,0.0739469908819517,0.07848061685719777,0.0158638879891295,0.07074363760601964,0.037885904818079026,0.014262585616538705,0.21093462548757114,0.2114327207167419,0.13938087232497953,0.0971897758518951,0.06818077223409066,0.021104665742842567,0.07462886198712923,0.053832309067067,0.0782550834973308,0.2591615807406245,0.1642057211745658,0.16038181439430738,0.04168167993735893,0.029875708996010462,-0.02389090281639046,-0.01810740444575238,0.028708165155144474,-0.002654161169212068,0.03185898724971708,0.02809969256999207,-0.018501907647026875,-0.11482071384200937,-0.046074230201290235,-0.07669863261336693,-0.0180947003951998,0.03267359733574561,-0.03419280244085682,0.06566153123402166,0.044003559796220434,0.06945396909056484,-0.10961858962783172,-0.05814881164712109,-0.017210771833729977,-0.08432371103167716,-0.024109749477568214,-0.0014417014341950411,-0.10923400670192229,-0.06773434297837096,-0.01709708144438352,-0.11080625898898894,-0.11443713166781963,0.004244567685429836
BMK_S07_Participative,0.046678815066099145,0.019126401921412906,-0.0074974050277374915,-0.029025063103022997,0.1801905193258686,0.1344813739027979,-0.029719907568706128,0.0,0.10797484385859535,0.15739058453920918,0.008534693088818657,0.13194214003360838,-0.06732813905103652,0.045092684505078195,0.045183225147691186,0.1263670096330105,0.1033068497420549,0.12078840085149395,0.07427410429337025,0.012142141934752299,0.1310199277164499,0.05510738985951559,0.01976717934466491,0.12854934381611977,0.11901690639296293,0.0208716195523855,0.1370781325718473,0.08067738431170533,0.022335161454107536,0.09781161679222099,0.05278369723416877,0.07631834743724462,0.12483678583082179,0.06254884594756414,0.01654954408846253,0.165911522962328,0.1061290328384408,0.053303455577087155,0.09220981165244208,0.11928308836906762,0.05750875052570037,0.12454325455936602,0.10111761141408679,0.0358079724203578,-0.03836589989721341,0.05994858964228714,-0.013779874995548946,0.027655118080136015,0.08627300781661953,-0.01267063516332162,-0.06269854378895923,-0.06405852336400883,-0.046560299729063406,-0.12443118250759778,-0.06822069148947472,-0.01682369823165221,-0.14430945829629516,-0.05645075660216578,-0.046303312297268945,-0.1543721882840115,-0.06028376503805789,-0.021273242385090714,-0.12385191260695727,-0.0901247891734332,0.010065264453619549
BMK_S08_Build,0.05399839430215089,0.051767546980069246,0.018426319599666008,-0.0371137616680437,0.08924126426604984,0.04992920952209401,-0.06414378955207856,0.10797484385859535,0.0,0.04465631891164046,0.08670442865157058,0.027513270611472185,-0.038047119667024065,0.11061377857512239,0.045111248042182917,0.13605949680607626,0.10487708995942246,0.09000840966573878,0.1131025229850336,0.04071238903287272,0.08333028222466712,0.08980817084552835,0.029936162655489776,0.09006080171132187,0.1448783484315398,0.027756664831989394,0.08678096896257409,0.08374249922270724,0.02350209909333148,0.03370641978080166,0.07124313779145881,0.06313862224237755,0.04202670539835383,0.08974916104273845,0.00113919748495514,0.10278758005931646,0.10645180786414378,0.044459237560898535,0.1293979975954257,0.18264401931449717,0.12397285566938712,0.07084662841924988,0.12919395925036448,0.041335869046929236,-0.0034289259434844843,0.10741953382371394,0.05252006702560105,-0.008599062408247607,0.137619653001977,-0.002167007525345127,-0.07549203509256407,-0.09859693491947341,-0.07432711122475799,-0.08642818788921869,-0.08367168899909802,-0.023948609974013935,-0.13127833476233222,-0.09534736504069807,-0.07912704747960658,-0.13160041500570466,-0.08881272578800647,-0.01796183489385482,-0.11881443070939653,-0.13522142397772877,-0.006145115976683935
BMK_S09_Compassion,0.0260743367910758,-0.026681965790223916,-0.024122090262152895,-0.07787496771749103,0.08485152252074135,0.13578733571016105,-0.03488834287272008,0.15739058453920918,0.04465631891164046,0.0,0.0873567416700633,0.12405209873398859,-0.020603656891660105,0.043027508564749295,0.08484512711794617,0.13694857273553668,0.1164746491448912,0.07725981840420465,0.10551202668670756,0.04694577943029048,0.09533914384656744,0.081470624425708,0.04730493569660974,0.0933430650108789,0.13182060396015688,0.05705927037439497,0.09027084980249336,0.09992305786116465,0.04390724983198237,0.08762212325864435,0.10411000469877466,0.1170498420631782,0.10151885013080938,0.10556706726644957,0.05375291915694659,0.10296904633387231,0.13453098162245933,0.07178974710874095,0.055596376437387185,0.1527070516341091,0.09069953022187768,0.15322155375889074,0.2145966999358352,0.1294047560305137,-0.024218275564161937,0.14400586125121656,0.05658817875535359,0.03487199757056206,0.15795529299557498,0.04134383275097474,-0.06851200736219072,-0.09750203260153656,-0.07862929929213178,-0.11646390393642338,-0.11031983410697582,-0.06417893722896509,-0.12392219486161035,-0.07712868484469591,-0.07533099568415964,-0.12758343164667676,-0.07061782080325353,-0.05419346569362364,-0.11026224763734396,-0.10722560749785265,-0.009074110603035195
BMK_S10_Putting,0.03580062103501872,-0.07259853364369934,-0.07576508977910368,-0.15536073658085892,-0.03764504431222876,-0.008687344391513419,-0.14355432700652893,0.008534693088818657,0.08670442865157058,0.0873567416700633,0.0,-0.006398899365212873,-0.0159219901344409,0.15722598318497172,0.07505882304283806,0.19211929372700132,0.15348769249681227,0.046394910967786224,-0.0186639140446494,-0.02614908908374118,0.05807628886382935,-0.02292683785365477,-0.02490364142252103,0.04786207442984752,0.010359803579556598,-0.03171750167374649,0.056973983076638465,-0.021018576698143027,-0.013728171499382297,0.026339762909852987,-0.04464628045372207,0.0462958027285654,0.0201927239573509,-0.022314793538759564,-0.03769519865519079,0.10381732907780757,0.019306980441059607,0.013967379943732011,0.08730253664919636,0.06264838181060722,0.06625851471441635,0.09602036519988638,0.07391475856640521,0.047032890451216336,0.08696032423706468,0.1391358589051648,0.12698804554906462,0.02938005989726529,0.043586541842953644,-0.01997088125066765,-0.07186145929792827,-0.03242311547320395,-0.06404472612735668,-0.08079279062755819,-0.0030831752614975255,0.001329670514320952,-0.11163453882419709,0.005578671111655734,-0.02540185312443649,-0.09587931187815493,0.03033050969945532,0.038354690163531005,-0.0692121710474672,-0.01596356887287132,0.047141633727149926
BMK_S11_Respect,0.0018980121638163773,0.005640955855469643,0.013026589902071006,-0.013667740713154075,0.10709111554654277,0.09380769889685897,-0.011298473757778482,0.13194214003360838,0.027513270611472185,0.12405209873398859,-0.006398899365212873,0.0,0.04507295871028144,0.09056381727690788,0.03824291892078202,0.1269861884543837,0.08086702636371107,0.03577738839925836,0.0881822562135597,0.06717472658490342,0.08853274720144463,0.0743958085908909,0.07440057112172183,0.08331949450948986,0.13886609401411854,0.07759780908145128,0.047905506369494394,0.059133492837419414,0.06063516877254696,0.018667717757477165,0.04846183248966787,0.0908737252925107,0.04401758264825984,0.10427685606129697,0.07185062806747726,0.02957661002253067,0.07565421703057795,0.0456763244981942,0.00901273976852894,0.0957958979043527,0.061254365288395875,0.05917489543354708,0.1043732303463589,0.09298388650349118,-0.06175342202611357,0.060896947348214846,0.03451880534249176,0.04423090972346304,0.17066576003250192,0.08819571963683578,-0.004371297320173037,-0.03979054384679017,-0.04238549859110856,-0.0549400993219086,-0.05881462027308528,-0.04987287423028852,-0.08478290342559339,-0.04637312165882234,-0.06505778567993831,-0.0807324845650833,-0.039323765559078405,-0.03325833804778905,-0.06701861752619086,-0.084145712393048,-0.02794387790260329
BMK_D01_Interper,-0.0167074227038875,0.1408294024280731,0.16067263867146464,0.1757534631172153,0.04186112828525168,0.04057510144743537,0.1337891802921458,-0.06732813905103652,-0.038047119667024065,-0.020603656891660105,-0.0159219901344409,0.04507295871028144,0.0,0.20049101965286115,0.2864870903944298,0.12499624475155402,0.04108109930661774,-0.07089272017372054,-0.07750076937967777,0.0067620842033353085,-0.06539265339734913,-0.03397994638677204,0.025638203346353704,-0.05672860915072815,-0.09058320052408625,0.037279688464027974,-0.10186158358714485,-0.08413679866899457,-0.008689689547035445,-0.054600766895733434,-0.06564069327594041,-0.0464440091647331,-0.05333709685321181,-0.0775276994723592,0.014310603197541405,-0.162867944301738,-0.1348455835322223,-0.05631529499636713,-0.1353177362195648,-0.16504613387633954,-0.09722416185162197,-0.12527522743285446,-0.14402210661039558,-0.07607750395604669,-0.03623130255609727,-0.15127867340472007,-0.04139108995490262,-0.04753870467259177,-0.1264431221931605,0.006027756311546867,0.17576289602699208,0.1816074016249832,0.14245953213045337,0.15034294480370364,0.11293621623074253,0.04397493205495455,0.1746937194088128,0.12607001018665703,0.0836237344835975,0.14312847402124518,0.10342972439444659,0.016593671059016435,0.10614397127632033,0.10534803426475924,-0.021758246465832853
BMK_D02_DiffBuild,-0.02808074108347363,0.1402774210185922,0.12273299433919982,0.04591817049422742,0.02433046665982319,-0.02163436695785681,-0.012487610044176312,0.045092684505078195,0.11061377857512239,0.043027508564749295,0.15722598318497172,0.09056381727690788,0.20049101965286115,0.0,0.18546473667959418,0.12167360516477499,0.06943235142518778,-0.02089511753320166,-0.02980018257825738,0.021519772027597445,-0.06289109225962541,0.00843858256323874,0.03562369264441796,-0.11446710705543062,-0.12999415944853687,-0.044766794343076406,-0.024251601188478536,-0.004665252379313145,0.016900919644322596,-0.007622834338749038,-0.014978098336989348,-0.036454548344807866,-0.08409264983899994,-0.09214326315526117,-0.04193861997501519,-0.017951633285370805,-0.021140702973048944,0.030575581911336386,0.04466999465039606,-0.030763617194528123,0.027614116124833527,-0.018427865098046586,-0.035607561970515,-0.0031780754200567835,0.13587097960166433,0.02680086078442176,0.07011698341885644,0.04263369211441792,-0.05138864120335156,0.06454025950739312,-0.05476700286896207,-0.0304181219168614,-0.04013379025677049,0.08125912776390977,0.05477598395350239,0.0031990361611943935,0.05691346317457557,-6.543408780954052e-05,-0.003872250849195999,0.07677453698789738,0.0041212114777871844,-0.02404810699081357,0.04796459715360914,0.06366157837816816,-0.05788056444027224
BMK_D03_DiffChange,-0.009519803855780318,0.0748463519912051,0.09186333856859752,0.07533726182770273,0.015205709359108144,0.10135428575686822,0.08938395089795675,0.045183225147691186,0.045111248042182917,0.08484512711794617,0.07505882304283806,0.03824291892078202,0.2864870903944298,0.18546473667959418,0.0,0.18590825083172574,0.14828034371985682,-0.049911924630937334,-0.057820511851048036,-0.021792380739102946,-0.040370239595197005,-0.03620788027828829,-0.0047367705110758565,-0.08010546404143862,-0.11388541470387341,-0.042912778214257756,-0.05454743550645183,-0.03225783222181808,-0.028859384586763903,0.009521882489713349,-0.010295950235935464,-0.03895371080779744,-0.05117251610464336,-0.05271778955169789,-0.028644630160882353,-0.044928580752846434,-0.030082694848701345,-0.01705117481383374,-0.03666167002009717,-0.07970667656414482,-0.06512489833813415,0.00129699589210229,-0.03603597842735462,-0.02788192280926953,0.06377538530486225,-0.022734856304679973,-0.02149374050078562,0.0448050079066616,-0.07492885063234693,0.016628778105600525,0.035410180572337885,0.044254206595177696,0.04476383179407481,0.06192189733285869,0.04191112663246931,0.030533133055909406,0.15188038658898267,0.06879793432678812,0.09190572505227465,0.113915542598334,0.07744478552046016,0.03836088926394106,0.10549613747996164,0.09516156497414097,0.005479441560290663
BMK_D04_Failure,0.003732439695700687,0.0708406105863919,0.023948292491112966,-0.020737032626612695,0.04949349253364688,0.09383004937112338,0.05368731593547865,0.1263670096330105,0.13605949680607626,0.13694857273553668,0.19211929372700132,0.1269861884543837,0.12499624475155402,0.12167360516477499,0.18590825083172574,0.0,0.20273228218920136,-0.04372442654264162,-0.07395548148342845,-0.0025315294761675128,-0.07958452531334664,-0.08572733212863745,-0.025255166050969988,-0.12248100555876161,-0.17052316844699425,-0.06392833301457276,-0.0030343214964092258,-0.026787669579363488,0.04125249989322363,0.03285263134257138,-0.010837349960718543,0.014745857342171084,-0.056440374330893134,-0.08326228782165301,-0.015878267267399104,0.03403318878456726,-0.008902151924332406,0.07420630259297221,0.07270425259064461,-0.029791235605076807,0.04955270761786054,0.04611826034060945,-0.02867626700997005,0.039414886554570615,0.1683081922727701,0.05571130812649213,0.11904977116932237,0.08772400635673436,-0.06630462226098549,0.08689910789469926,-0.08284866399447494,-0.016796636936258408,-0.06085019420541776,0.029564649099676342,0.041993840242145225,-0.039484202439875854,0.03833936862628998,0.025849192386926942,-0.014631832868165377,0.11277278490761752,0.08017585663253006,0.009606068230159026,0.0870652543402365,0.12746697768029133,-0.02444326249124773
BMK_D05_Narrow,-0.011353832874143027,0.037480303790367486,-0.006553613872459785,-0.024352877689430064,0.038551634413988456,0.07998762848879687,0.022089133884553747,0.1033068497420549,0.10487708995942246,0.1164746491448912,0.15348769249681227,0.08086702636371107,0.04108109930661774,0.06943235142518778,0.14828034371985682,0.20273228218920136,0.0,0.02799713379616431,-0.05916242262463001,0.023722475252641442,-0.03567555429705234,-0.06585105140476387,-0.0026375538746428867,-0.0660182446782405,-0.1408836343588814,-0.055555032383780206,0.05941325572657051,-0.01734146276028392,0.06392941614870827,0.09289480195721392,-0.01403731984125553,0.03880647843243713,0.007349671923598963,-0.06775442241262243,-0.0021592592097410407,0.10413892209111564,-0.002500999482448238,0.10105492781149542,0.10786919624773642,-0.02211258754611095,0.0761563593917545,0.08396015798257217,-0.017975684494882335,0.06571652288164895,0.17974317074838753,0.037223036727391356,0.1122294105912213,0.11222058013507913,-0.06599652512645818,0.08148929598961163,-0.1373533418821034,-0.034208139221217286,-0.11025522757138168,-0.02660152174741791,0.027108774404561237,-0.060585835870511334,-0.024950677864370913,0.014219706599891933,-0.05885954840314167,0.006740744083340161,0.057182416861993816,-0.03763606556867207,0.06597054070661501,0.1293809889409677,-0.008052178320317141
BMK_S01_Strategic_boss,0.09222442683244801,0.09831530451249973,-0.009993440251588825,0.045662660970348226,0.0534310894852375,0.03396517098463818,0.0739469908819517,0.12078840085149395,0.09000840966573878,0.07725981840420465,0.046394910967786224,0.03577738839925836,-0.07089272017372054,-0.02089511753320166,-0.049911924630937334,-0.04372442654264162,0.02799713379616431,0.0,0.11499183430696105,0.22415021412029504,0.1392482437604774,0.08803514923864164,0.1166098535405661,0.12280695262974484,0.03158576431304991,0.15874507325705003,0.16962124585173266,0.06582774805631622,0.20495615055322292,0.16012150422164462,0.12799951243791327,0.16194922843449083,0.06333763920332036,0.06804318402433861,0.1163727425593683,0.0936683858165368,0.08968288904232788,0.13460265391319215,0.14697648283745668,0.085390088476265,0.15837467275010442,0.019591696023174898,0.03416659752080606,0.17845256203181425,0.10338138328547458,0.024903153559554053,0.1349794073711971,0.05240604440234159,0.1283629954917807,0.14396075098132702,0.05449788372312969,-0.04871141275193168,-0.08582508561593975,-0.02155606663688825,-0.058489788662316966,-0.144149053671946,-0.08699424629473262,-0.05153047181314305,-0.134165088413802,-0.09266895167787637,-0.08255312768695472,-0.15712841846772743,-0.07694419737706393,-0.08416194519075627,-0.19648690835838106
BMK_S01_Strategic_direct_report,0.08221542719059449,0.11411567455405505,0.032014367353646135,0.1103041438552517,0.06758833445390647,0.03864546517227753,0.07848061685719777,0.07427410429337025,0.1131025229850336,0.10551202668670756,-0.0186639140446494,0.0881822562135597,-0.07750076937967777,-0.02980018257825738,-0.057820511851048036,-0.07395548148342845,-0.05916242262463001,0.11499183430696105,0.0,0.04491626601871829,0.1319532100610559,0.10663267352644157,-0.04626081367257773,0.07790953659983371,0.08653701981846174,0.09747942488125466,0.03518150702941458,0.15296740684012344,0.08278395753151302,-0.016103769505008192,0.11055202461544122,0.08219253985135894,0.026759816028840394,0.0599494984984309,0.06976978450107651,0.05980326498872454,0.058050532147677636,0.0023137036636412533,-0.022946560628505364,0.10316920625940351,0.025256399458494394,0.02509692983628345,0.0022519674121197486,6.157422487484965e-05,-0.00020497725216575557,-0.09057513078053481,-0.013649969064301798,0.033202881495561345,0.04080383449594838,-0.025061346443375265,0.0750903261095067,0.12446680805294752,0.03555511357993571,-0.0039597596726054785,0.036596969088463216,-0.003577940471463481,-0.014157534508365516,0.0014170402178349528,0.04495129870386977,-0.07923987776122263,-0.025101650278963716,-0.0314105838247673,0.018223255028031765,-0.009801980659118525,-0.028657301904611465
BMK_S01_Strategic_peer,0.10400156226202374,0.06370964938186384,0.01050481068461058,0.02500452411950483,0.0035802783902021545,-0.08768941911788689,0.0158638879891295,0.012142141934752299,0.04071238903287272,0.04694577943029048,-0.02614908908374118,0.06717472658490342,0.0067620842033353085,0.021519772027597445,-0.021792380739102946,-0.0025315294761675128,0.023722475252641442,0.22415021412029504,0.04491626601871829,0.0,0.16815323542695737,0.002918632885472505,0.12960590953079276,0.09602986059588337,-0.014595899706559279,0.13045360240158588,0.12167257801894968,0.013357038371273666,0.14996606286312242,0.08079319384777572,-0.01621830273715863,0.11979531899515594,0.08846989223464657,-0.04546834076474093,0.07679380568703642,0.13674387450983774,-0.024519434590414224,0.08454074775736409,0.08967479499664677,-0.012787873372528069,0.12204695067430138,0.07091186522028431,-0.057750949102935545,0.05889356778326582,0.1293727881373687,-0.059949186752820044,-0.003728152139087393,0.11801471737788109,0.0002649451248606105,0.03885555137362584,-0.011801621174120702,0.08465790083213678,0.049559044589679746,-0.05455524739649931,0.014330592494074257,0.01769214476124703,-0.031132343612651825,0.004326215932474731,-0.05192052706385719,-0.12029713350490454,-0.03283692179664882,-0.046646667208087966,-0.07859933611794379,-0.0007085653535259251,-0.03943989142026838
BMK_S02_Quick_boss,0.04834887319742772,0.11063632306847154,0.145542858701079,0.0820027741246544,0.09229392015958499,0.05641140409713793,0.07074363760601964,0.1310199277164499,0.08333028222466712,0.09533914384656744,0.05807628886382935,0.08853274720144463,-0.06539265339734913,-0.06289109225962541,-0.040370239595197005,-0.07958452531334664,-0.03567555429705234,0.1392482437604774,0.1319532100610559,0.16815323542695737,0.0,0.20531926446039184,0.2166477105556708,0.0864176325644691,0.0810254734857633,0.1573530439988648,0.05322506579789699,0.09153681693499972,0.14746091916571008,0.0769656378035779,0.1481201105331087,0.11447535960910951,-0.02443733821138694,0.08879113877747517,0.0941465551094587,-0.053794488127061335,0.09575412588787074,0.08347400084109255,-0.010735483433970905,0.1024842822851183,0.08317160035055404,-0.035136725949572734,0.05526628301970548,0.1386523769214271,0.013767876733295659,0.033464161433827896,0.07415047805262787,0.003620101525946662,0.13793460700456167,0.10950896237239739,0.16091274767262273,-0.07141434658930033,-0.02481302000639627,0.09572500974499565,-0.06498897851601654,-0.10426757985111418,0.06257087523432758,-0.06229991993815563,-0.058450763151972784,-0.017072557799527432,-0.12267087432831958,-0.14011154392147962,0.000605842119865696,-0.12826090436036858,-0.17736004639386055
BMK_S02_Quick_direct_report,0.04761304468996083,0.10681939539033213,0.16346353131099245,0.11104588348431656,0.053420881097536524,0.016942399296064385,0.037885904818079026,0.05510738985951559,0.08980817084552835,0.081470624425708,-0.02292683785365477,0.0743958085908909,-0.03397994638677204,0.00843858256323874,-0.03620788027828829,-0.08572733212863745,-0.06585105140476387,0.08803514923864164,0.10663267352644157,0.002918632885472505,0.20531926446039184,0.0,0.03479495645828001,0.09653009320220025,0.06810333930194457,0.07100480567356823,0.022581727072131963,0.07441610793952591,0.033023700058897876,-0.03750466359231708,0.04918291638962946,0.0020528058867914367,0.021357179707753415,0.008231225019534216,0.028091218125674944,0.021793426124437965,-0.01479661763969009,-0.06139806103229736,-0.04972949735779997,0.02826755472724407,-0.027298635937198723,-0.005147007258491612,-0.05401916288606001,-0.0626579938682626,-0.03031295104754761,-0.13706633979259653,-0.07227276153840845,0.02761816934108899,-0.024121942849929967,-0.04686750519783045,0.09319086785908651,0.1889041986989004,0.081795095268206,0.02141375508691129,0.10921394911976223,0.06213630301924111,0.013969338055276725,0.08856706143843662,0.09026875530762365,-0.07110734908609971,0.02577160667796352,-0.0005581892980473235,0.02123686980301598,0.0489437242786408,-0.002717403745257696
BMK_S02_Quick_peer,0.05596864878951995,0.07064736255963888,0.1571766111402329,0.07028573131247082,0.014215768609002678,-0.058442589384078106,0.014262585616538705,0.01976717934466491,0.029936162655489776,0.04730493569660974,-0.02490364142252103,0.07440057112172183,0.025638203346353704,0.03562369264441796,-0.0047367705110758565,-0.025255166050969988,-0.0026375538746428867,0.1166098535405661,-0.04626081367257773,0.12960590953079276,0.2166477105556708,0.03479495645828001,0.0,0.06077058097667121,-0.06507165934509179,0.12415793934333086,0.021257669066592794,-0.06543830833369846,0.06424777098635748,-0.02169715098323613,-0.11026182992890696,0.04421358514243234,0.0029972672721539917,-0.10788380874754852,0.0037126870777246523,0.0015451177240122516,-0.12221254880135063,-0.029352180547971174,-0.04859000828104593,-0.107856805618043,0.003852516666866146,-0.017107461135093843,-0.12937424819130502,-0.01403228992926775,0.028968711172683265,-0.15006837362641612,-0.10250784442836591,0.0511100990258532,-0.056813905553710964,-0.01657566222872886,0.11320425519450705,0.16649960324139904,0.16101280734253243,0.05810866806416118,0.1105871827411703,0.10236123715865669,0.0836653151389003,0.10249739631761556,0.06308271834613488,-0.045695727305060385,0.04358824888263846,-0.008596531366726556,0.005560552719035217,0.07331675228727297,-0.009830449595962798
BMK_S03_Decisive_boss,0.05744900040536277,0.12507340684415405,0.06548322194251367,0.21682978423040686,0.13443828798828503,0.12656301448051216,0.21093462548757114,0.12854934381611977,0.09006080171132187,0.0933430650108789,0.04786207442984752,0.08331949450948986,-0.05672860915072815,-0.11446710705543062,-0.08010546404143862,-0.12248100555876161,-0.0660182446782405,0.12280695262974484,0.07790953659983371,0.09602986059588337,0.0864176325644691,0.09653009320220025,0.06077058097667121,0.0,0.12532506710258554,0.21017371639396987,0.09980599336553486,0.06784510832100514,0.10097146873076598,0.10576557728275615,0.11566988927633658,0.06282129473677017,0.13545188336859926,0.10531515209036768,0.12058842697245428,-0.07479238150884637,0.04302582597157781,-0.008142221589321624,-0.041055928485098925,0.028203911753392874,0.0053007884866445865,-0.08760275221514885,-0.01650130524871951,0.05283976271711149,-0.016029669260093693,-0.028133929193057433,0.002988161477851116,-0.024811650726595635,0.07592252158105667,0.020890727049096905,0.21476860424790012,0.0054195928733296456,0.08086777780544117,0.04294625265751334,-0.051216336716363636,-0.047347313657382234,0.04137035575692288,-0.02192146199443558,-0.010022313525563153,-0.04935214825830486,-0.08984212701627303,-0.061598288324514694,-0.005855702751691616,-0.08967249752685287,-0.10455728468540985
BMK_S03_Decisive_direct_report,0.06997455587843343,0.15524514346004584,0.09632271935643752,0.26230859923086136,0.14953931522695943,0.13081026041559946,0.2114327207167419,0.11901690639296293,0.1448783484315398,0.13182060396015688,0.010359803579556598,0.13886609401411854,-0.09058320052408625,-0.12999415944853687,-0.11388541470387341,-0.17052316844699425,-0.1408836343588814,0.03158576431304991,0.08653701981846174,-0.014595899706559279,0.0810254734857633,0.06810333930194457,-0.06507165934509179,0.12532506710258554,0.0,0.14808096528194853,-0.027467953848733406,0.1255055193871204,0.04014680572839752,-0.051021677371981905,0.09224810054736987,0.02945244629465399,0.038698796627497506,0.11245243437101393,0.08950568851414492,-0.046787272906023136,-0.006548926694011192,-0.07745110846141964,-0.12051440718343823,0.006547305159655181,-0.06299035724104288,-0.05441549412457736,-0.06624473433367617,-0.061804389909949714,-0.04892070908452703,-0.15967736982346503,-0.07322185541688937,-0.022683563833495624,-0.02915395149138733,-0.061977025548035,0.17134828109119815,0.22038861351989947,0.13242138073456802,0.05050847371375983,0.06074778170028461,0.045510263963395664,0.07565851239288249,0.06399437106961159,0.10306270773108972,-0.006926234402379772,0.009014584684400528,0.01604494971300774,0.06854982827816991,0.027945480257235533,0.008090704745989497
BMK_S03_Decisive_peer,0.07815858017799729,0.10683187178574238,0.08402911752903415,0.20292630763549996,0.08233069850183515,0.02727212369728564,0.13938087232497953,0.0208716195523855,0.027756664831989394,0.05705927037439497,-0.03171750167374649,0.07759780908145128,0.037279688464027974,-0.044766794343076406,-0.042912778214257756,-0.06392833301457276,-0.055555032383780206,0.15874507325705003,0.09747942488125466,0.13045360240158588,0.1573530439988648,0.07100480567356823,0.12415793934333086,0.21017371639396987,0.14808096528194853,0.0,0.10217572681427806,0.056413924305416724,0.1125571469525275,0.06453936163241508,0.031829597601217674,0.09497280237543948,0.14521154091667338,0.07512737096219516,0.1638768480990621,0.0401922915555154,-0.0045088528697272146,-0.02709106721815946,0.0036090473471451223,-0.016691562429249435,-6.570313190035204e-05,0.01995506191158611,-0.02575241536464218,-0.020480908590543134,0.06164111664715701,-0.049742197650104625,-0.10816536599758936,0.08087517842201483,0.024495024515519215,-0.04237510934868449,0.12355566578192355,0.11100939722116812,0.2344830957392116,-0.043088435553911814,-0.0197381116499199,0.06332418798562556,0.05043601266209091,-0.002934802529767244,0.04458793332888089,-0.071682553285631,-0.054287902162928336,-0.0056268121830267415,-0.04436399089456197,-0.044197493428973555,-0.024922991469107036
BMK_S04_Change_boss,0.09354407848351114,0.01775941207224152,-0.05692031349118924,0.02051057072094095,0.05839428832860144,0.027581778575513638,0.0971897758518951,0.1370781325718473,0.08678096896257409,0.09027084980249336,0.056973983076638465,0.047905506369494394,-0.10186158358714485,-0.024251601188478536,-0.05454743550645183,-0.0030343214964092258,0.05941325572657051,0.16962124585173266,0.03518150702941458,0.12167257801894968,0.05322506579789699,0.022581727072131963,0.021257669066592794,0.09980599336553486,-0.027467953848733406,0.10217572681427806,0.0,0.023753519437298226,0.14320511328693153,0.15853301491739125,0.07873766092428908,0.1093945284515501,0.08322013250883142,0.02300912257848875,0.06689276366467922,0.14476273647013593,0.0542347343554975,0.08208363688013107,0.11433439771318354,0.04354850017282286,0.10258845210010165,0.056238031729783255,-0.016018160064479675,0.1443148363881171,0.11898249546163647,-0.004179352361735139,0.11109669401096665,0.06887280551236774,0.08225990972173568,0.08706482640354118,0.016454910400498624,-0.029005522096806596,-0.06231901182449337,-0.038338378827524,-0.020207425516281352,-0.08474891463203932,-0.09560837397338084,-0.008701420008761118,-0.0742412374198756,-0.05098106222585763,-0.033849293576161676,-0.07045845264923128,-0.014605222267597529,-0.027982516611357783,-0.11567576584899059
BMK_S04_Change_direct_report,0.07981247865332174,0.04373780551659838,-0.01598007138045028,0.05465610904534264,0.03138974249582065,0.02916966713243213,0.06818077223409066,0.08067738431170533,0.08374249922270724,0.09992305786116465,-0.021018576698143027,0.059133492837419414,-0.08413679866899457,-0.004665252379313145,-0.03225783222181808,-0.026787669579363488,-0.01734146276028392,0.06582774805631622,0.15296740684012344,0.013357038371273666,0.09153681693499972,0.07441610793952591,-0.06543830833369846,0.06784510832100514,0.1255055193871204,0.056413924305416724,0.023753519437298226,0.0,0.08439586617354528,-0.00603505075284988,0.1923986910450598,0.09468610460330062,0.026839667472376122,0.12257948977443178,0.07381744657732214,0.05873470279807744,0.18779968965071347,0.024810747289966018,-0.038336900028555554,0.15675185822013393,0.029612663735404166,0.03186174469140718,0.11037899199009904,0.026261949139609053,0.00025807932618568397,-0.002965486323546984,0.01808867040417539,0.010379068363042643,0.09944886623767024,-0.02358910394693914,0.049767745607805614,0.03203660439237488,0.012734362314622716,-0.0008919325948950618,-0.04220990352028886,-0.008601085899888894,-0.0021874060570949705,-0.029435428832356392,0.03362416418833314,-0.0600411977003541,-0.02644350600672607,-0.014747841743340151,0.03341756777751398,-0.014854330010993788,-0.012069248135591626
